1	65714.640625
2	56250.253906
3	74983.554688
4	69584.882812
5	72806.578125
6	68815.015625
7	64611.453125
8	50654.968750
9	66498.078125
10	54632.628906
11	57564.343750
12	53866.570312
13	51863.937500
14	57208.886719
15	38789.738281
16	70471.335938
17	57995.265625
18	47065.578125
19	37750.140625
20	50747.925781
21	48695.976562
22	41677.742188
23	37895.097656
24	38128.863281
25	28218.945312
26	34063.542969
27	36536.304688
28	27512.732422
29	15850.123047
30	19402.771484
31	35640.382812
32	24682.335938
33	6223.589355
34	20497.748047
35	18956.332031
36	14502.836914
37	12769.616211
38	-3909.827881
39	-2955.866455
40	5549.262695
41	10131.532227
42	-12152.864258
43	-3002.185303
44	-6831.808105
45	-14181.606445
46	-11679.546875
47	-12393.593750
48	-20086.902344
49	-17155.750000
50	-24140.906250
51	-32104.082031
52	-32835.574219
53	-41169.710938
54	-36128.398438
55	-40985.980469
56	-30000.546875
57	-35843.312500
58	-47834.558594
59	-54251.312500
60	-39240.730469
61	-52322.441406
62	-52298.984375
63	-62629.339844
64	-46070.597656
65	-48190.136719
66	-56357.097656
67	-47569.710938
68	-50194.941406
69	-58208.582031
70	-57033.164062
71	-63793.699219
72	-69903.953125
73	-62870.105469
74	-58715.531250
75	-57681.976562
76	-67855.609375
77	-57007.855469
78	-61616.960938
79	-66365.132812
80	-69078.257812
81	-58680.437500
82	-77704.812500
83	-66296.210938
84	-54655.007812
85	-58983.855469
86	-67470.679688
87	-61201.949219
88	-59452.078125
89	-54489.273438
90	-54099.398438
91	-54524.347656
92	-46528.269531
93	-52642.906250
94	-49664.789062
95	-54750.074219
96	-46755.550781
97	-46317.703125
98	-47863.792969
99	-47151.167969
100	-52662.789062
101	-35396.007812
102	-44594.691406
103	-45516.917969
104	-48238.445312
105	-15095.520508
106	-28934.753906
107	-36615.078125
108	-21613.103516
109	-35151.656250
110	-26882.195312
111	-32267.255859
112	-14164.615234
113	-19345.501953
114	-15551.242188
115	-3350.602783
116	-4344.016602
117	-7645.084961
118	-7825.727539
119	-5308.773926
120	1908.219360
121	4165.876953
122	-5836.245605
123	-210.058258
124	11513.413086
125	8367.143555
126	18091.117188
127	7452.312012
128	17892.326172
129	20538.515625
130	26271.236328
131	18153.542969
132	27196.267578
133	33308.222656
134	32197.250000
135	37149.089844
136	40179.847656
137	41429.019531
138	44684.585938
139	53033.167969
140	56462.222656
141	45851.796875
142	49740.410156
143	45105.988281
144	45080.761719
145	42886.773438
146	52269.589844
147	55465.812500
148	54043.101562
149	59130.468750
150	55174.945312
151	51211.160156
152	67530.960938
153	53620.515625
154	59626.949219
155	62428.531250
156	65096.972656
157	63746.527344
158	64768.292969
159	63764.515625
160	51932.191406
161	63949.585938
162	73140.250000
163	73317.359375
164	64818.671875
165	58976.140625
166	59085.679688
167	66363.039062
168	63001.789062
169	54820.484375
170	54138.812500
171	46422.976562
172	52582.816406
173	50320.753906
174	50703.089844
175	58189.050781
176	61541.703125
177	47194.066406
178	55805.359375
179	49217.992188
180	51835.234375
181	41696.472656
182	43158.882812
183	48874.625000
184	44890.054688
185	32350.892578
186	22620.656250
187	26369.599609
188	15654.826172
189	23584.681641
190	23917.941406
191	20732.257812
192	19545.207031
193	677.432556
194	18642.917969
195	16073.078125
196	14908.256836
197	11590.616211
198	-2289.859619
199	10850.688477
200	-6709.762695
201	-3639.218994
202	889.752197
203	-16225.552734
204	-14284.161133
205	-15015.954102
206	-24515.363281
207	-15953.473633
208	-20812.642578
209	-17979.751953
210	-14412.568359
211	-8449.659180
212	-23815.863281
213	-22257.943359
214	-36099.125000
215	-46850.312500
216	-27344.125000
217	-35402.742188
218	-48599.429688
219	-54989.957031
220	-58089.128906
221	-56793.031250
222	-45483.816406
223	-41962.640625
224	-46075.218750
225	-62102.234375
226	-53570.121094
227	-59736.667969
228	-55482.800781
229	-58288.167969
230	-59788.824219
231	-50795.527344
232	-61327.468750
233	-60170.207031
234	-57580.230469
235	-70274.968750
236	-58089.597656
237	-60288.769531
238	-69885.789062
239	-64073.265625
240	-59909.101562
241	-71512.414062
242	-67481.859375
243	-59749.132812
244	-62066.847656
245	-72588.734375
246	-70303.000000
247	-53778.101562
248	-55996.664062
249	-60612.371094
250	-54467.652344
251	-56648.925781
252	-62371.109375
253	-51564.074219
254	-57334.164062
255	-57400.953125
256	-53551.277344
257	-47048.378906
258	-49862.472656
259	-58073.710938
260	-38445.609375
261	-34810.730469
262	-34354.750000
263	-37033.351562
264	-39377.964844
265	-29391.029297
266	-35179.339844
267	-23286.046875
268	-25076.009766
269	-28252.093750
270	-33967.507812
271	-18772.687500
272	-19734.763672
273	-13749.607422
274	-17037.794922
275	-13726.080078
276	-4444.363281
277	-9883.735352
278	-10432.674805
279	-3820.030273
280	-1237.571045
281	12135.875977
282	1723.175293
283	6393.126465
284	8200.410156
285	6854.067871
286	3639.074951
287	18312.910156
288	29461.478516
289	16990.701172
290	28519.794922
291	25521.810547
292	20731.234375
293	35275.136719
294	37851.023438
295	28173.457031
296	49033.585938
297	53659.273438
298	39464.695312
299	44089.835938
300	49898.667969
301	51604.296875
302	48142.753906
303	46724.007812
304	61248.238281
305	46648.777344
306	45174.343750
307	52105.050781
308	59710.347656
309	53611.234375
310	61559.226562
311	59913.265625
312	63325.835938
313	64533.125000
314	56975.132812
315	59953.050781
316	65373.847656
317	62055.328125
318	65319.968750
319	61561.792969
320	67984.867188
321	69714.523438
322	67687.414062
323	63381.902344
324	56304.859375
325	62428.835938
326	62157.316406
327	54831.144531
328	61207.050781
329	62645.750000
330	66052.609375
331	52556.921875
332	58050.609375
333	52715.460938
334	53406.597656
335	48066.812500
336	51740.820312
337	56815.742188
338	53837.621094
339	51684.269531
340	36070.691406
341	41158.925781
342	45668.867188
343	39724.386719
344	32583.876953
345	29700.658203
346	40659.953125
347	24835.517578
348	26524.505859
349	16274.439453
350	30709.207031
351	12141.293945
352	14196.599609
353	19182.656250
354	1001.938904
355	17017.451172
356	-2566.351318
357	10934.337891
358	7706.747559
359	9414.628906
360	2236.565918
361	-10524.800781
362	7122.315430
363	-7192.458496
364	-4586.790527
365	-8963.934570
366	-6360.169922
367	-30962.664062
368	-13027.077148
369	-30023.087891
370	-27174.416016
371	-37065.710938
372	-32647.871094
373	-39017.253906
374	-33598.453125
375	-32680.587891
376	-49466.234375
377	-32914.792969
378	-41010.304688
379	-45441.214844
380	-36831.285156
381	-55082.230469
382	-48785.226562
383	-54038.414062
384	-55065.343750
385	-59329.648438
386	-54135.671875
387	-51519.378906
388	-57211.953125
389	-61428.398438
390	-56146.335938
391	-56490.769531
392	-68086.796875
393	-73220.679688
394	-76771.054688
395	-66962.445312
396	-72562.531250
397	-67655.375000
398	-73118.976562
399	-73107.304688
400	-59861.781250
401	-69914.921875
402	-64577.582031
403	-70276.265625
404	-80746.281250
405	-55016.664062
406	-62592.050781
407	-59953.363281
408	-61237.015625
409	-60951.093750
410	-55921.210938
411	-62996.000000
412	-53742.714844
413	-61293.117188
414	-49386.718750
415	-51596.257812
416	-61005.359375
417	-55278.050781
418	-51634.511719
419	-41534.105469
420	-34885.332031
421	-44238.597656
422	-49931.652344
423	-42561.496094
424	-36110.957031
425	-32028.839844
426	-30189.033203
427	-32187.943359
428	-26350.953125
429	-34123.171875
430	-17315.517578
431	-24362.900391
432	-21994.427734
433	-9505.400391
434	-9290.668945
435	-28999.546875
436	3156.358154
437	-13061.954102
438	-9803.797852
439	-4563.844238
440	5818.685059
441	5713.552246
442	15661.094727
443	7679.560547
444	17258.535156
445	4598.836426
446	9417.934570
447	24587.583984
448	17733.515625
449	25300.080078
450	17782.585938
451	33701.187500
452	27722.519531
453	41186.175781
454	33670.164062
455	33115.507812
456	45431.351562
457	46715.085938
458	42552.597656
459	30215.849609
460	47094.707031
461	55810.968750
462	50913.113281
463	48394.843750
464	52254.023438
465	60440.960938
466	59164.046875
467	58099.710938
468	57986.355469
469	60251.082031
470	63662.105469
471	58302.453125
472	66101.156250
473	63494.621094
474	59447.207031
475	71931.250000
476	66948.851562
477	61805.652344
478	69259.179688
479	64419.421875
480	54078.753906
481	62151.644531
482	61996.781250
483	64492.468750
484	65811.945312
485	58315.863281
486	62458.710938
487	70895.835938
488	68093.250000
489	61067.484375
490	73754.164062
491	63017.054688
492	55942.515625
493	60060.597656
494	50378.558594
495	47044.824219
496	57362.906250
497	49089.472656
498	53328.234375
499	44917.656250
500	43325.222656
501	46239.882812
502	43225.468750
503	42830.648438
504	29369.119141
505	39178.105469
506	32838.812500
507	31561.484375
508	12393.739258
509	21795.785156
510	13027.322266
511	22156.294922
512	15506.144531
